Terrain 121 104 22 400
Terrain 126 481 696 21
Terrain 792 87 28 413
Terrain 122 87 694 24
Terrain 289 465 45 20
Terrain 325 443 77 41
Terrain 374 416 77 70
Terrain 518 384 278 25
Terrain 134 283 395 32
Terrain 673 365 42 25
Terrain 710 335 61 56
Terrain 752 301 42 83
Terrain 605 261 81 15
Terrain 386 249 36 43
Terrain 314 234 76 50
Terrain 142 206 80 12
BonusCoin 258 448 29 29 50
BonusCoin 297 432 28 28 50
BonusCoin 341 408 25 28 50
BonusCoin 421 378 25 31 50
BonusLose 453 427 336 50 0
BonusCoin 533 342 27 28 50
BonusCoin 679 331 23 24 50
BonusCoin 643 223 28 28 50
BonusCoin 448 249 28 24 50
BonusLose 144 238 167 40 0
BonusCoin 255 164 29 26 50
BonusWin 149 170 43 32 50
Actor 152 430 17 32
